pdb,lig_res,lig_atom,lig_chain,lig_coord,prot_res,prot_atom,prot_chain,prot_coord,distance
8C2Z_1OB3_QS0,"('D', 501)",C3,T,"(-23.671, -30.363, -1.115)","('ILE', 10)",O,M,"(-20.153, -32.201, 0.754)",4.387
8C2Z_1OB3_QS0,"('D', 501)",C3,T,"(-23.671, -30.363, -1.115)","('ASP', 85)",OD1,M,"(-23.751, -26.428, -1.624)",3.969
8C2Z_1OB3_QS0,"('D', 501)",C3,T,"(-23.671, -30.363, -1.115)","('LYS', 88)",CG,M,"(-26.804, -28.734, -1.793)",3.596
8C2Z_1OB3_QS0,"('D', 501)",C3,T,"(-23.671, -30.363, -1.115)","('LYS', 88)",CD,M,"(-26.068, -28.913, -0.443)",2.881
8C2Z_1OB3_QS0,"('D', 501)",C3,T,"(-23.671, -30.363, -1.115)","('LYS', 88)",CE,M,"(-24.963, -29.946, -0.466)",1.505
8C2Z_1OB3_QS0,"('D', 501)",C3,T,"(-23.671, -30.363, -1.115)","('LYS', 88)",NZ,M,"(-24.466, -30.184, 0.96)",2.229
8C2Z_1OB3_QS0,"('D', 501)",C1,T,"(-25.71, -31.713, -1.379)","('LYS', 88)",CB,M,"(-27.922, -27.772, -1.587)",4.524
8C2Z_1OB3_QS0,"('D', 501)",C1,T,"(-25.71, -31.713, -1.379)","('LYS', 88)",CG,M,"(-26.804, -28.734, -1.793)",3.2
8C2Z_1OB3_QS0,"('D', 501)",C1,T,"(-25.71, -31.713, -1.379)","('LYS', 88)",CD,M,"(-26.068, -28.913, -0.443)",2.974
8C2Z_1OB3_QS0,"('D', 501)",C1,T,"(-25.71, -31.713, -1.379)","('LYS', 88)",CE,M,"(-24.963, -29.946, -0.466)",2.125
8C2Z_1OB3_QS0,"('D', 501)",C1,T,"(-25.71, -31.713, -1.379)","('LYS', 88)",NZ,M,"(-24.466, -30.184, 0.96)",3.059
8C2Z_1OB3_QS0,"('D', 501)",C6,T,"(-24.472, -29.612, 1.555)","('ASP', 83)",C,M,"(-24.798, -26.266, 4.964)",4.788
8C2Z_1OB3_QS0,"('D', 501)",C6,T,"(-24.472, -29.612, 1.555)","('ASP', 83)",O,M,"(-25.204, -27.353, 4.524)",3.802
8C2Z_1OB3_QS0,"('D', 501)",C6,T,"(-24.472, -29.612, 1.555)","('GLN', 84)",CA,M,"(-25.918, -25.168, 3.16)",4.941
8C2Z_1OB3_QS0,"('D', 501)",C6,T,"(-24.472, -29.612, 1.555)","('GLN', 84)",OE1,M,"(-28.028, -26.45, 1.439)",4.76
8C2Z_1OB3_QS0,"('D', 501)",C6,T,"(-24.472, -29.612, 1.555)","('ASP', 85)",OD1,M,"(-23.751, -26.428, -1.624)",4.557
8C2Z_1OB3_QS0,"('D', 501)",C6,T,"(-24.472, -29.612, 1.555)","('LYS', 88)",CG,M,"(-26.804, -28.734, -1.793)",4.174
8C2Z_1OB3_QS0,"('D', 501)",C6,T,"(-24.472, -29.612, 1.555)","('LYS', 88)",CD,M,"(-26.068, -28.913, -0.443)",2.651
8C2Z_1OB3_QS0,"('D', 501)",C6,T,"(-24.472, -29.612, 1.555)","('LYS', 88)",CE,M,"(-24.963, -29.946, -0.466)",2.106
8C2Z_1OB3_QS0,"('D', 501)",C6,T,"(-24.472, -29.612, 1.555)","('LYS', 88)",NZ,M,"(-24.466, -30.184, 0.96)",0.825
8C2Z_1OB3_QS0,"('D', 501)",C8,T,"(-22.347, -28.506, 1.81)","('ILE', 10)",O,M,"(-20.153, -32.201, 0.754)",4.425
8C2Z_1OB3_QS0,"('D', 501)",C8,T,"(-22.347, -28.506, 1.81)","('ILE', 10)",CD1,M,"(-18.338, -29.687, 4.237)",4.833
8C2Z_1OB3_QS0,"('D', 501)",C8,T,"(-22.347, -28.506, 1.81)","('LEU', 82)",O,M,"(-21.589, -25.341, 5.248)",4.734
8C2Z_1OB3_QS0,"('D', 501)",C8,T,"(-22.347, -28.506, 1.81)","('ASP', 83)",C,M,"(-24.798, -26.266, 4.964)",4.58
8C2Z_1OB3_QS0,"('D', 501)",C8,T,"(-22.347, -28.506, 1.81)","('ASP', 83)",O,M,"(-25.204, -27.353, 4.524)",4.106
8C2Z_1OB3_QS0,"('D', 501)",C8,T,"(-22.347, -28.506, 1.81)","('GLN', 84)",N,M,"(-25.028, -25.146, 4.311)",4.973
8C2Z_1OB3_QS0,"('D', 501)",C8,T,"(-22.347, -28.506, 1.81)","('ASP', 85)",OD1,M,"(-23.751, -26.428, -1.624)",4.252
8C2Z_1OB3_QS0,"('D', 501)",C8,T,"(-22.347, -28.506, 1.81)","('LYS', 88)",CD,M,"(-26.068, -28.913, -0.443)",4.369
8C2Z_1OB3_QS0,"('D', 501)",C8,T,"(-22.347, -28.506, 1.81)","('LYS', 88)",CE,M,"(-24.963, -29.946, -0.466)",3.755
8C2Z_1OB3_QS0,"('D', 501)",C8,T,"(-22.347, -28.506, 1.81)","('LYS', 88)",NZ,M,"(-24.466, -30.184, 0.96)",2.833
8C2Z_1OB3_QS0,"('D', 501)",C9,T,"(-22.189, -28.73, 3.18)","('ILE', 10)",O,M,"(-20.153, -32.201, 0.754)",4.699
8C2Z_1OB3_QS0,"('D', 501)",C9,T,"(-22.189, -28.73, 3.18)","('ILE', 10)",CB,M,"(-19.072, -32.023, 3.528)",4.548
8C2Z_1OB3_QS0,"('D', 501)",C9,T,"(-22.189, -28.73, 3.18)","('ILE', 10)",CG1,M,"(-17.966, -30.972, 3.481)",4.791
8C2Z_1OB3_QS0,"('D', 501)",C9,T,"(-22.189, -28.73, 3.18)","('ILE', 10)",CD1,M,"(-18.338, -29.687, 4.237)",4.106
8C2Z_1OB3_QS0,"('D', 501)",C9,T,"(-22.189, -28.73, 3.18)","('HIS', 81)",CE1,M,"(-19.949, -27.738, 6.998)",4.536
8C2Z_1OB3_QS0,"('D', 501)",C9,T,"(-22.189, -28.73, 3.18)","('LEU', 82)",C,M,"(-22.153, -24.638, 6.05)",4.998
8C2Z_1OB3_QS0,"('D', 501)",C9,T,"(-22.189, -28.73, 3.18)","('LEU', 82)",O,M,"(-21.589, -25.341, 5.248)",4.015
8C2Z_1OB3_QS0,"('D', 501)",C9,T,"(-22.189, -28.73, 3.18)","('ASP', 83)",CA,M,"(-24.043, -26.172, 6.284)",4.429
8C2Z_1OB3_QS0,"('D', 501)",C9,T,"(-22.189, -28.73, 3.18)","('ASP', 83)",C,M,"(-24.798, -26.266, 4.964)",4.008
8C2Z_1OB3_QS0,"('D', 501)",C9,T,"(-22.189, -28.73, 3.18)","('ASP', 83)",O,M,"(-25.204, -27.353, 4.524)",3.577
8C2Z_1OB3_QS0,"('D', 501)",C9,T,"(-22.189, -28.73, 3.18)","('GLN', 84)",N,M,"(-25.028, -25.146, 4.311)",4.71
8C2Z_1OB3_QS0,"('D', 501)",C9,T,"(-22.189, -28.73, 3.18)","('LYS', 88)",CE,M,"(-24.963, -29.946, -0.466)",4.74
8C2Z_1OB3_QS0,"('D', 501)",C9,T,"(-22.189, -28.73, 3.18)","('LYS', 88)",NZ,M,"(-24.466, -30.184, 0.96)",3.497
8C2Z_1OB3_QS0,"('D', 501)",C10,T,"(-21.391, -27.89, 3.929)","('ILE', 10)",CB,M,"(-19.072, -32.023, 3.528)",4.756
8C2Z_1OB3_QS0,"('D', 501)",C10,T,"(-21.391, -27.89, 3.929)","('ILE', 10)",CG1,M,"(-17.966, -30.972, 3.481)",4.629
8C2Z_1OB3_QS0,"('D', 501)",C10,T,"(-21.391, -27.89, 3.929)","('ILE', 10)",CD1,M,"(-18.338, -29.687, 4.237)",3.556
8C2Z_1OB3_QS0,"('D', 501)",C10,T,"(-21.391, -27.89, 3.929)","('HIS', 81)",ND1,M,"(-18.925, -26.918, 7.099)",4.132
8C2Z_1OB3_QS0,"('D', 501)",C10,T,"(-21.391, -27.89, 3.929)","('HIS', 81)",CE1,M,"(-19.949, -27.738, 6.998)",3.394
8C2Z_1OB3_QS0,"('D', 501)",C10,T,"(-21.391, -27.89, 3.929)","('HIS', 81)",NE2,M,"(-20.649, -27.665, 8.115)",4.257
8C2Z_1OB3_QS0,"('D', 501)",C10,T,"(-21.391, -27.89, 3.929)","('LEU', 82)",C,M,"(-22.153, -24.638, 6.05)",3.957
8C2Z_1OB3_QS0,"('D', 501)",C10,T,"(-21.391, -27.89, 3.929)","('LEU', 82)",O,M,"(-21.589, -25.341, 5.248)",2.877
8C2Z_1OB3_QS0,"('D', 501)",C10,T,"(-21.391, -27.89, 3.929)","('ASP', 83)",N,M,"(-23.364, -24.895, 6.506)",4.416
8C2Z_1OB3_QS0,"('D', 501)",C10,T,"(-21.391, -27.89, 3.929)","('ASP', 83)",CA,M,"(-24.043, -26.172, 6.284)",3.941
8C2Z_1OB3_QS0,"('D', 501)",C10,T,"(-21.391, -27.89, 3.929)","('ASP', 83)",C,M,"(-24.798, -26.266, 4.964)",3.914
8C2Z_1OB3_QS0,"('D', 501)",C10,T,"(-21.391, -27.89, 3.929)","('ASP', 83)",O,M,"(-25.204, -27.353, 4.524)",3.896
8C2Z_1OB3_QS0,"('D', 501)",C10,T,"(-21.391, -27.89, 3.929)","('GLN', 84)",N,M,"(-25.028, -25.146, 4.311)",4.572
8C2Z_1OB3_QS0,"('D', 501)",C10,T,"(-21.391, -27.89, 3.929)","('LYS', 88)",NZ,M,"(-24.466, -30.184, 0.96)",4.851
8C2Z_1OB3_QS0,"('D', 501)",C12,T,"(-20.878, -26.578, 1.966)","('ILE', 10)",CD1,M,"(-18.338, -29.687, 4.237)",4.612
8C2Z_1OB3_QS0,"('D', 501)",C12,T,"(-20.878, -26.578, 1.966)","('LEU', 82)",C,M,"(-22.153, -24.638, 6.05)",4.698
8C2Z_1OB3_QS0,"('D', 501)",C12,T,"(-20.878, -26.578, 1.966)","('LEU', 82)",O,M,"(-21.589, -25.341, 5.248)",3.579
8C2Z_1OB3_QS0,"('D', 501)",C12,T,"(-20.878, -26.578, 1.966)","('ASP', 83)",C,M,"(-24.798, -26.266, 4.964)",4.945
8C2Z_1OB3_QS0,"('D', 501)",C12,T,"(-20.878, -26.578, 1.966)","('GLN', 84)",N,M,"(-25.028, -25.146, 4.311)",4.977
8C2Z_1OB3_QS0,"('D', 501)",C12,T,"(-20.878, -26.578, 1.966)","('GLN', 84)",C,M,"(-25.271, -24.32, 2.062)",4.94
8C2Z_1OB3_QS0,"('D', 501)",C12,T,"(-20.878, -26.578, 1.966)","('GLN', 84)",O,M,"(-24.373, -23.53, 2.329)",4.652
8C2Z_1OB3_QS0,"('D', 501)",C12,T,"(-20.878, -26.578, 1.966)","('ASP', 85)",CB,M,"(-24.082, -24.153, -0.958)",4.97
8C2Z_1OB3_QS0,"('D', 501)",C12,T,"(-20.878, -26.578, 1.966)","('ASP', 85)",OD1,M,"(-23.751, -26.428, -1.624)",4.601
8C2Z_1OB3_QS0,"('D', 501)",C12,T,"(-20.878, -26.578, 1.966)","('LEU', 132)",CD1,M,"(-19.234, -22.17, 2.106)",4.707
8C2Z_1OB3_QS0,"('D', 501)",C12,T,"(-20.878, -26.578, 1.966)","('LEU', 132)",CD2,M,"(-20.845, -22.692, 0.248)",4.249
8C2Z_1OB3_QS0,"('D', 501)",C17,T,"(-17.178, -23.859, 4.644)","('ALA', 30)",N,M,"(-14.256, -26.187, 7.917)",4.967
8C2Z_1OB3_QS0,"('D', 501)",C17,T,"(-17.178, -23.859, 4.644)","('ALA', 30)",CA,M,"(-14.198, -26.827, 6.621)",4.647
8C2Z_1OB3_QS0,"('D', 501)",C17,T,"(-17.178, -23.859, 4.644)","('ALA', 30)",CB,M,"(-14.958, -26.011, 5.597)",3.235
8C2Z_1OB3_QS0,"('D', 501)",C17,T,"(-17.178, -23.859, 4.644)","('VAL', 63)",CG1,M,"(-15.511, -19.649, 3.968)",4.578
8C2Z_1OB3_QS0,"('D', 501)",C17,T,"(-17.178, -23.859, 4.644)","('PHE', 79)",C,M,"(-13.324, -22.365, 7.326)",4.927
8C2Z_1OB3_QS0,"('D', 501)",C17,T,"(-17.178, -23.859, 4.644)","('PHE', 79)",O,M,"(-13.549, -23.467, 7.865)",4.868
8C2Z_1OB3_QS0,"('D', 501)",C17,T,"(-17.178, -23.859, 4.644)","('PHE', 79)",CB,M,"(-12.911, -22.32, 4.952)",4.547
8C2Z_1OB3_QS0,"('D', 501)",C17,T,"(-17.178, -23.859, 4.644)","('GLU', 80)",N,M,"(-14.046, -21.278, 7.544)",4.988
8C2Z_1OB3_QS0,"('D', 501)",C17,T,"(-17.178, -23.859, 4.644)","('GLU', 80)",CA,M,"(-15.315, -21.268, 8.222)",4.794
8C2Z_1OB3_QS0,"('D', 501)",C17,T,"(-17.178, -23.859, 4.644)","('GLU', 80)",C,M,"(-16.271, -22.274, 7.548)",3.43
8C2Z_1OB3_QS0,"('D', 501)",C17,T,"(-17.178, -23.859, 4.644)","('GLU', 80)",O,M,"(-16.319, -22.359, 6.314)",2.403
8C2Z_1OB3_QS0,"('D', 501)",C17,T,"(-17.178, -23.859, 4.644)","('HIS', 81)",N,M,"(-17.042, -23.035, 8.353)",3.802
8C2Z_1OB3_QS0,"('D', 501)",C17,T,"(-17.178, -23.859, 4.644)","('HIS', 81)",CA,M,"(-17.949, -24.041, 7.841)",3.294
8C2Z_1OB3_QS0,"('D', 501)",C17,T,"(-17.178, -23.859, 4.644)","('HIS', 81)",C,M,"(-19.374, -23.536, 7.794)",3.853
8C2Z_1OB3_QS0,"('D', 501)",C17,T,"(-17.178, -23.859, 4.644)","('HIS', 81)",CB,M,"(-17.938, -25.3, 8.737)",4.405
8C2Z_1OB3_QS0,"('D', 501)",C17,T,"(-17.178, -23.859, 4.644)","('HIS', 81)",CG,M,"(-18.956, -26.298, 8.331)",4.765
8C2Z_1OB3_QS0,"('D', 501)",C17,T,"(-17.178, -23.859, 4.644)","('HIS', 81)",ND1,M,"(-18.925, -26.918, 7.099)",4.294
8C2Z_1OB3_QS0,"('D', 501)",C17,T,"(-17.178, -23.859, 4.644)","('LEU', 82)",N,M,"(-20.043, -23.684, 6.652)",3.503
8C2Z_1OB3_QS0,"('D', 501)",C17,T,"(-17.178, -23.859, 4.644)","('LEU', 82)",CA,M,"(-21.47, -23.388, 6.586)",4.734
8C2Z_1OB3_QS0,"('D', 501)",C17,T,"(-17.178, -23.859, 4.644)","('LEU', 82)",O,M,"(-21.589, -25.341, 5.248)",4.692
8C2Z_1OB3_QS0,"('D', 501)",C17,T,"(-17.178, -23.859, 4.644)","('LEU', 82)",CD1,M,"(-19.947, -20.461, 6.066)",4.608
8C2Z_1OB3_QS0,"('D', 501)",C17,T,"(-17.178, -23.859, 4.644)","('LEU', 132)",CD1,M,"(-19.234, -22.17, 2.106)",3.677
8C2Z_1OB3_QS0,"('D', 501)",C18,T,"(-16.527, -23.968, 3.42)","('ALA', 30)",CA,M,"(-14.198, -26.827, 6.621)",4.883
8C2Z_1OB3_QS0,"('D', 501)",C18,T,"(-16.527, -23.968, 3.42)","('ALA', 30)",CB,M,"(-14.958, -26.011, 5.597)",3.373
8C2Z_1OB3_QS0,"('D', 501)",C18,T,"(-16.527, -23.968, 3.42)","('VAL', 63)",CG1,M,"(-15.511, -19.649, 3.968)",4.471
8C2Z_1OB3_QS0,"('D', 501)",C18,T,"(-16.527, -23.968, 3.42)","('PHE', 79)",CB,M,"(-12.911, -22.32, 4.952)",4.259
8C2Z_1OB3_QS0,"('D', 501)",C18,T,"(-16.527, -23.968, 3.42)","('PHE', 79)",CG,M,"(-12.097, -21.89, 3.747)",4.904
8C2Z_1OB3_QS0,"('D', 501)",C18,T,"(-16.527, -23.968, 3.42)","('GLU', 80)",C,M,"(-16.271, -22.274, 7.548)",4.469
8C2Z_1OB3_QS0,"('D', 501)",C18,T,"(-16.527, -23.968, 3.42)","('GLU', 80)",O,M,"(-16.319, -22.359, 6.314)",3.318
8C2Z_1OB3_QS0,"('D', 501)",C18,T,"(-16.527, -23.968, 3.42)","('HIS', 81)",CA,M,"(-17.949, -24.041, 7.841)",4.645
8C2Z_1OB3_QS0,"('D', 501)",C18,T,"(-16.527, -23.968, 3.42)","('LEU', 82)",N,M,"(-20.043, -23.684, 6.652)",4.784
8C2Z_1OB3_QS0,"('D', 501)",C18,T,"(-16.527, -23.968, 3.42)","('LEU', 132)",CD1,M,"(-19.234, -22.17, 2.106)",3.505
8C2Z_1OB3_QS0,"('D', 501)",C19,T,"(-17.121, -24.788, 2.474)","('VAL', 18)",CG1,M,"(-15.574, -28.768, 2.141)",4.283
8C2Z_1OB3_QS0,"('D', 501)",C19,T,"(-17.121, -24.788, 2.474)","('ALA', 30)",CB,M,"(-14.958, -26.011, 5.597)",3.991
8C2Z_1OB3_QS0,"('D', 501)",C19,T,"(-17.121, -24.788, 2.474)","('GLU', 80)",O,M,"(-16.319, -22.359, 6.314)",4.614
8C2Z_1OB3_QS0,"('D', 501)",C19,T,"(-17.121, -24.788, 2.474)","('LEU', 132)",CG,M,"(-20.394, -21.645, 1.217)",4.709
8C2Z_1OB3_QS0,"('D', 501)",C19,T,"(-17.121, -24.788, 2.474)","('LEU', 132)",CD1,M,"(-19.234, -22.17, 2.106)",3.384
8C2Z_1OB3_QS0,"('D', 501)",C19,T,"(-17.121, -24.788, 2.474)","('LEU', 132)",CD2,M,"(-20.845, -22.692, 0.248)",4.818
8C2Z_1OB3_QS0,"('D', 501)",O31,T,"(-21.147, -28.049, 5.266)","('ILE', 10)",CB,M,"(-19.072, -32.023, 3.528)",4.808
8C2Z_1OB3_QS0,"('D', 501)",O31,T,"(-21.147, -28.049, 5.266)","('ILE', 10)",CG1,M,"(-17.966, -30.972, 3.481)",4.674
8C2Z_1OB3_QS0,"('D', 501)",O31,T,"(-21.147, -28.049, 5.266)","('ILE', 10)",CG2,M,"(-19.171, -32.586, 4.937)",4.96
8C2Z_1OB3_QS0,"('D', 501)",O31,T,"(-21.147, -28.049, 5.266)","('ILE', 10)",CD1,M,"(-18.338, -29.687, 4.237)",3.411
8C2Z_1OB3_QS0,"('D', 501)",O31,T,"(-21.147, -28.049, 5.266)","('HIS', 81)",CG,M,"(-18.956, -26.298, 8.331)",4.155
8C2Z_1OB3_QS0,"('D', 501)",O31,T,"(-21.147, -28.049, 5.266)","('HIS', 81)",ND1,M,"(-18.925, -26.918, 7.099)",3.095
8C2Z_1OB3_QS0,"('D', 501)",O31,T,"(-21.147, -28.049, 5.266)","('HIS', 81)",CD2,M,"(-20.052, -26.77, 8.963)",4.062
8C2Z_1OB3_QS0,"('D', 501)",O31,T,"(-21.147, -28.049, 5.266)","('HIS', 81)",CE1,M,"(-19.949, -27.738, 6.998)",2.129
8C2Z_1OB3_QS0,"('D', 501)",O31,T,"(-21.147, -28.049, 5.266)","('HIS', 81)",NE2,M,"(-20.649, -27.665, 8.115)",2.918
8C2Z_1OB3_QS0,"('D', 501)",O31,T,"(-21.147, -28.049, 5.266)","('LEU', 82)",N,M,"(-20.043, -23.684, 6.652)",4.711
8C2Z_1OB3_QS0,"('D', 501)",O31,T,"(-21.147, -28.049, 5.266)","('LEU', 82)",CA,M,"(-21.47, -23.388, 6.586)",4.855
8C2Z_1OB3_QS0,"('D', 501)",O31,T,"(-21.147, -28.049, 5.266)","('LEU', 82)",C,M,"(-22.153, -24.638, 6.05)",3.642
8C2Z_1OB3_QS0,"('D', 501)",O31,T,"(-21.147, -28.049, 5.266)","('LEU', 82)",O,M,"(-21.589, -25.341, 5.248)",2.744
8C2Z_1OB3_QS0,"('D', 501)",O31,T,"(-21.147, -28.049, 5.266)","('ASP', 83)",N,M,"(-23.364, -24.895, 6.506)",4.05
8C2Z_1OB3_QS0,"('D', 501)",O31,T,"(-21.147, -28.049, 5.266)","('ASP', 83)",CA,M,"(-24.043, -26.172, 6.284)",3.598
8C2Z_1OB3_QS0,"('D', 501)",O31,T,"(-21.147, -28.049, 5.266)","('ASP', 83)",C,M,"(-24.798, -26.266, 4.964)",4.074
8C2Z_1OB3_QS0,"('D', 501)",O31,T,"(-21.147, -28.049, 5.266)","('ASP', 83)",O,M,"(-25.204, -27.353, 4.524)",4.183
8C2Z_1OB3_QS0,"('D', 501)",O31,T,"(-21.147, -28.049, 5.266)","('ASP', 83)",CB,M,"(-25.076, -26.387, 7.422)",4.78
8C2Z_1OB3_QS0,"('D', 501)",O31,T,"(-21.147, -28.049, 5.266)","('ASP', 83)",CG,M,"(-24.436, -26.849, 8.706)",4.908
8C2Z_1OB3_QS0,"('D', 501)",O31,T,"(-21.147, -28.049, 5.266)","('ASP', 83)",OD2,M,"(-23.203, -27.145, 8.801)",4.188
8C2Z_1OB3_QS0,"('D', 501)",O31,T,"(-21.147, -28.049, 5.266)","('GLN', 84)",N,M,"(-25.028, -25.146, 4.311)",4.94
8C2Z_1OB3_QS0,"('D', 501)",C30,T,"(-17.147, -25.436, -2.5)","('GLY', 13)",CA,M,"(-15.213, -28.522, -4.531)",4.17
8C2Z_1OB3_QS0,"('D', 501)",C30,T,"(-17.147, -25.436, -2.5)","('THR', 14)",N,M,"(-14.297, -27.033, -6.15)",4.899
8C2Z_1OB3_QS0,"('D', 501)",C30,T,"(-17.147, -25.436, -2.5)","('VAL', 18)",CG2,M,"(-14.829, -28.434, -0.213)",4.426
8C2Z_1OB3_QS0,"('D', 501)",C30,T,"(-17.147, -25.436, -2.5)","('GLN', 129)",O,M,"(-21.029, -23.714, -3.187)",4.302
8C2Z_1OB3_QS0,"('D', 501)",C30,T,"(-17.147, -25.436, -2.5)","('GLN', 129)",CG,M,"(-20.852, -26.141, -5.376)",4.743
8C2Z_1OB3_QS0,"('D', 501)",C30,T,"(-17.147, -25.436, -2.5)","('ASN', 130)",CB,M,"(-18.482, -21.089, -4.391)",4.925
8C2Z_1OB3_QS0,"('D', 501)",C30,T,"(-17.147, -25.436, -2.5)","('ASP', 143)",OD2,M,"(-14.473, -22.541, -4.448)",4.396
8C2Z_1OB3_QS0,"('D', 501)",C11,T,"(-20.718, -26.827, 3.336)","('ILE', 10)",CG1,M,"(-17.966, -30.972, 3.481)",4.978
8C2Z_1OB3_QS0,"('D', 501)",C11,T,"(-20.718, -26.827, 3.336)","('ILE', 10)",CD1,M,"(-18.338, -29.687, 4.237)",3.828
8C2Z_1OB3_QS0,"('D', 501)",C11,T,"(-20.718, -26.827, 3.336)","('HIS', 81)",ND1,M,"(-18.925, -26.918, 7.099)",4.169
8C2Z_1OB3_QS0,"('D', 501)",C11,T,"(-20.718, -26.827, 3.336)","('HIS', 81)",CE1,M,"(-19.949, -27.738, 6.998)",3.851
8C2Z_1OB3_QS0,"('D', 501)",C11,T,"(-20.718, -26.827, 3.336)","('HIS', 81)",NE2,M,"(-20.649, -27.665, 8.115)",4.852
8C2Z_1OB3_QS0,"('D', 501)",C11,T,"(-20.718, -26.827, 3.336)","('LEU', 82)",N,M,"(-20.043, -23.684, 6.652)",4.618
8C2Z_1OB3_QS0,"('D', 501)",C11,T,"(-20.718, -26.827, 3.336)","('LEU', 82)",CA,M,"(-21.47, -23.388, 6.586)",4.791
8C2Z_1OB3_QS0,"('D', 501)",C11,T,"(-20.718, -26.827, 3.336)","('LEU', 82)",C,M,"(-22.153, -24.638, 6.05)",3.771
8C2Z_1OB3_QS0,"('D', 501)",C11,T,"(-20.718, -26.827, 3.336)","('LEU', 82)",O,M,"(-21.589, -25.341, 5.248)",2.573
8C2Z_1OB3_QS0,"('D', 501)",C11,T,"(-20.718, -26.827, 3.336)","('ASP', 83)",N,M,"(-23.364, -24.895, 6.506)",4.559
8C2Z_1OB3_QS0,"('D', 501)",C11,T,"(-20.718, -26.827, 3.336)","('ASP', 83)",CA,M,"(-24.043, -26.172, 6.284)",4.492
8C2Z_1OB3_QS0,"('D', 501)",C11,T,"(-20.718, -26.827, 3.336)","('ASP', 83)",C,M,"(-24.798, -26.266, 4.964)",4.428
8C2Z_1OB3_QS0,"('D', 501)",C11,T,"(-20.718, -26.827, 3.336)","('ASP', 83)",O,M,"(-25.204, -27.353, 4.524)",4.67
8C2Z_1OB3_QS0,"('D', 501)",C11,T,"(-20.718, -26.827, 3.336)","('GLN', 84)",N,M,"(-25.028, -25.146, 4.311)",4.728
8C2Z_1OB3_QS0,"('D', 501)",C13,T,"(-21.681, -27.42, 1.214)","('LEU', 82)",O,M,"(-21.589, -25.341, 5.248)",4.539
8C2Z_1OB3_QS0,"('D', 501)",C13,T,"(-21.681, -27.42, 1.214)","('ASP', 83)",O,M,"(-25.204, -27.353, 4.524)",4.834
8C2Z_1OB3_QS0,"('D', 501)",C13,T,"(-21.681, -27.42, 1.214)","('GLN', 84)",C,M,"(-25.271, -24.32, 2.062)",4.818
8C2Z_1OB3_QS0,"('D', 501)",C13,T,"(-21.681, -27.42, 1.214)","('GLN', 84)",O,M,"(-24.373, -23.53, 2.329)",4.86
8C2Z_1OB3_QS0,"('D', 501)",C13,T,"(-21.681, -27.42, 1.214)","('ASP', 85)",N,M,"(-25.712, -24.516, 0.836)",4.982
8C2Z_1OB3_QS0,"('D', 501)",C13,T,"(-21.681, -27.42, 1.214)","('ASP', 85)",CB,M,"(-24.082, -24.153, -0.958)",4.6
8C2Z_1OB3_QS0,"('D', 501)",C13,T,"(-21.681, -27.42, 1.214)","('ASP', 85)",CG,M,"(-24.38, -25.358, -1.828)",4.56
8C2Z_1OB3_QS0,"('D', 501)",C13,T,"(-21.681, -27.42, 1.214)","('ASP', 85)",OD1,M,"(-23.751, -26.428, -1.624)",3.65
8C2Z_1OB3_QS0,"('D', 501)",C13,T,"(-21.681, -27.42, 1.214)","('LYS', 88)",CD,M,"(-26.068, -28.913, -0.443)",4.921
8C2Z_1OB3_QS0,"('D', 501)",C13,T,"(-21.681, -27.42, 1.214)","('LYS', 88)",CE,M,"(-24.963, -29.946, -0.466)",4.469
8C2Z_1OB3_QS0,"('D', 501)",C13,T,"(-21.681, -27.42, 1.214)","('LYS', 88)",NZ,M,"(-24.466, -30.184, 0.96)",3.932
8C2Z_1OB3_QS0,"('D', 501)",C13,T,"(-21.681, -27.42, 1.214)","('LEU', 132)",CD2,M,"(-20.845, -22.692, 0.248)",4.898
8C2Z_1OB3_QS0,"('D', 501)",C15,T,"(-18.812, -25.274, 3.949)","('ILE', 10)",CD1,M,"(-18.338, -29.687, 4.237)",4.448
8C2Z_1OB3_QS0,"('D', 501)",C15,T,"(-18.812, -25.274, 3.949)","('ALA', 30)",CB,M,"(-14.958, -26.011, 5.597)",4.256
8C2Z_1OB3_QS0,"('D', 501)",C15,T,"(-18.812, -25.274, 3.949)","('GLU', 80)",O,M,"(-16.319, -22.359, 6.314)",4.506
8C2Z_1OB3_QS0,"('D', 501)",C15,T,"(-18.812, -25.274, 3.949)","('HIS', 81)",CA,M,"(-17.949, -24.041, 7.841)",4.173
8C2Z_1OB3_QS0,"('D', 501)",C15,T,"(-18.812, -25.274, 3.949)","('HIS', 81)",C,M,"(-19.374, -23.536, 7.794)",4.257
8C2Z_1OB3_QS0,"('D', 501)",C15,T,"(-18.812, -25.274, 3.949)","('HIS', 81)",CB,M,"(-17.938, -25.3, 8.737)",4.867
8C2Z_1OB3_QS0,"('D', 501)",C15,T,"(-18.812, -25.274, 3.949)","('HIS', 81)",CG,M,"(-18.956, -26.298, 8.331)",4.502
8C2Z_1OB3_QS0,"('D', 501)",C15,T,"(-18.812, -25.274, 3.949)","('HIS', 81)",ND1,M,"(-18.925, -26.918, 7.099)",3.555
8C2Z_1OB3_QS0,"('D', 501)",C15,T,"(-18.812, -25.274, 3.949)","('HIS', 81)",CE1,M,"(-19.949, -27.738, 6.998)",4.082
8C2Z_1OB3_QS0,"('D', 501)",C15,T,"(-18.812, -25.274, 3.949)","('LEU', 82)",N,M,"(-20.043, -23.684, 6.652)",3.369
8C2Z_1OB3_QS0,"('D', 501)",C15,T,"(-18.812, -25.274, 3.949)","('LEU', 82)",CA,M,"(-21.47, -23.388, 6.586)",4.192
8C2Z_1OB3_QS0,"('D', 501)",C15,T,"(-18.812, -25.274, 3.949)","('LEU', 82)",C,M,"(-22.153, -24.638, 6.05)",3.998
8C2Z_1OB3_QS0,"('D', 501)",C15,T,"(-18.812, -25.274, 3.949)","('LEU', 82)",O,M,"(-21.589, -25.341, 5.248)",3.067
8C2Z_1OB3_QS0,"('D', 501)",C15,T,"(-18.812, -25.274, 3.949)","('LEU', 82)",CB,M,"(-21.768, -22.139, 5.736)",4.665
8C2Z_1OB3_QS0,"('D', 501)",C15,T,"(-18.812, -25.274, 3.949)","('LEU', 132)",CG,M,"(-20.394, -21.645, 1.217)",4.81
8C2Z_1OB3_QS0,"('D', 501)",C15,T,"(-18.812, -25.274, 3.949)","('LEU', 132)",CD1,M,"(-19.234, -22.17, 2.106)",3.634
8C2Z_1OB3_QS0,"('D', 501)",C15,T,"(-18.812, -25.274, 3.949)","('LEU', 132)",CD2,M,"(-20.845, -22.692, 0.248)",4.949
8C2Z_1OB3_QS0,"('D', 501)",C21,T,"(-16.647, -24.863, 1.068)","('VAL', 18)",CB,M,"(-15.21, -29.452, 0.869)",4.813
8C2Z_1OB3_QS0,"('D', 501)",C21,T,"(-16.647, -24.863, 1.068)","('VAL', 18)",CG1,M,"(-15.574, -28.768, 2.141)",4.189
8C2Z_1OB3_QS0,"('D', 501)",C21,T,"(-16.647, -24.863, 1.068)","('VAL', 18)",CG2,M,"(-14.829, -28.434, -0.213)",4.207
8C2Z_1OB3_QS0,"('D', 501)",C21,T,"(-16.647, -24.863, 1.068)","('ALA', 30)",CB,M,"(-14.958, -26.011, 5.597)",4.968
8C2Z_1OB3_QS0,"('D', 501)",C21,T,"(-16.647, -24.863, 1.068)","('LEU', 132)",CG,M,"(-20.394, -21.645, 1.217)",4.941
8C2Z_1OB3_QS0,"('D', 501)",C21,T,"(-16.647, -24.863, 1.068)","('LEU', 132)",CD1,M,"(-19.234, -22.17, 2.106)",3.876
8C2Z_1OB3_QS0,"('D', 501)",C21,T,"(-16.647, -24.863, 1.068)","('LEU', 132)",CD2,M,"(-20.845, -22.692, 0.248)",4.797
8C2Z_1OB3_QS0,"('D', 501)",C21,T,"(-16.647, -24.863, 1.068)","('ALA', 142)",CB,M,"(-16.86, -20.576, -0.731)",4.654
8C2Z_1OB3_QS0,"('D', 501)",C22,T,"(-17.361, -25.304, 0.002)","('VAL', 18)",CB,M,"(-15.21, -29.452, 0.869)",4.752
8C2Z_1OB3_QS0,"('D', 501)",C22,T,"(-17.361, -25.304, 0.002)","('VAL', 18)",CG1,M,"(-15.574, -28.768, 2.141)",4.446
8C2Z_1OB3_QS0,"('D', 501)",C22,T,"(-17.361, -25.304, 0.002)","('VAL', 18)",CG2,M,"(-14.829, -28.434, -0.213)",4.032
8C2Z_1OB3_QS0,"('D', 501)",C22,T,"(-17.361, -25.304, 0.002)","('LEU', 132)",CG,M,"(-20.394, -21.645, 1.217)",4.905
8C2Z_1OB3_QS0,"('D', 501)",C22,T,"(-17.361, -25.304, 0.002)","('LEU', 132)",CD1,M,"(-19.234, -22.17, 2.106)",4.214
8C2Z_1OB3_QS0,"('D', 501)",C22,T,"(-17.361, -25.304, 0.002)","('LEU', 132)",CD2,M,"(-20.845, -22.692, 0.248)",4.361
8C2Z_1OB3_QS0,"('D', 501)",C22,T,"(-17.361, -25.304, 0.002)","('ALA', 142)",CB,M,"(-16.86, -20.576, -0.731)",4.811
8C2Z_1OB3_QS0,"('D', 501)",C24,T,"(-15.433, -24.581, -0.866)","('VAL', 18)",CG2,M,"(-14.829, -28.434, -0.213)",3.954
8C2Z_1OB3_QS0,"('D', 501)",C24,T,"(-15.433, -24.581, -0.866)","('LYS', 32)",CD,M,"(-11.42, -25.537, -1.444)",4.166
8C2Z_1OB3_QS0,"('D', 501)",C24,T,"(-15.433, -24.581, -0.866)","('LYS', 32)",CE,M,"(-11.257, -25.44, -2.976)",4.757
8C2Z_1OB3_QS0,"('D', 501)",C24,T,"(-15.433, -24.581, -0.866)","('LYS', 32)",NZ,M,"(-12.25, -26.234, -3.818)",4.645
8C2Z_1OB3_QS0,"('D', 501)",C24,T,"(-15.433, -24.581, -0.866)","('ALA', 142)",CB,M,"(-16.86, -20.576, -0.731)",4.254
8C2Z_1OB3_QS0,"('D', 501)",C24,T,"(-15.433, -24.581, -0.866)","('ASP', 143)",CG,M,"(-13.886, -21.692, -3.724)",4.348
8C2Z_1OB3_QS0,"('D', 501)",C24,T,"(-15.433, -24.581, -0.866)","('ASP', 143)",OD1,M,"(-13.397, -22.062, -2.629)",3.688
8C2Z_1OB3_QS0,"('D', 501)",C24,T,"(-15.433, -24.581, -0.866)","('ASP', 143)",OD2,M,"(-14.473, -22.541, -4.448)",4.232
8C2Z_1OB3_QS0,"('D', 501)",C25,T,"(-15.377, -24.385, 0.521)","('VAL', 18)",CG1,M,"(-15.574, -28.768, 2.141)",4.677
8C2Z_1OB3_QS0,"('D', 501)",C25,T,"(-15.377, -24.385, 0.521)","('VAL', 18)",CG2,M,"(-14.829, -28.434, -0.213)",4.151
8C2Z_1OB3_QS0,"('D', 501)",C25,T,"(-15.377, -24.385, 0.521)","('LYS', 32)",CD,M,"(-11.42, -25.537, -1.444)",4.566
8C2Z_1OB3_QS0,"('D', 501)",C25,T,"(-15.377, -24.385, 0.521)","('PHE', 79)",CD1,M,"(-11.43, -22.83, 2.958)",4.892
8C2Z_1OB3_QS0,"('D', 501)",C25,T,"(-15.377, -24.385, 0.521)","('LEU', 132)",CD1,M,"(-19.234, -22.17, 2.106)",4.722
8C2Z_1OB3_QS0,"('D', 501)",C25,T,"(-15.377, -24.385, 0.521)","('ALA', 142)",CB,M,"(-16.86, -20.576, -0.731)",4.275
8C2Z_1OB3_QS0,"('D', 501)",C25,T,"(-15.377, -24.385, 0.521)","('ASP', 143)",OD1,M,"(-13.397, -22.062, -2.629)",4.386
8C2Z_1OB3_QS0,"('D', 501)",C26,T,"(-14.255, -23.762, 1.06)","('VAL', 18)",CG2,M,"(-14.829, -28.434, -0.213)",4.876
8C2Z_1OB3_QS0,"('D', 501)",C26,T,"(-14.255, -23.762, 1.06)","('LYS', 32)",CB,M,"(-10.625, -26.663, 0.757)",4.657
8C2Z_1OB3_QS0,"('D', 501)",C26,T,"(-14.255, -23.762, 1.06)","('LYS', 32)",CD,M,"(-11.42, -25.537, -1.444)",4.178
8C2Z_1OB3_QS0,"('D', 501)",C26,T,"(-14.255, -23.762, 1.06)","('PHE', 79)",CB,M,"(-12.911, -22.32, 4.952)",4.363
8C2Z_1OB3_QS0,"('D', 501)",C26,T,"(-14.255, -23.762, 1.06)","('PHE', 79)",CG,M,"(-12.097, -21.89, 3.747)",3.922
8C2Z_1OB3_QS0,"('D', 501)",C26,T,"(-14.255, -23.762, 1.06)","('PHE', 79)",CD1,M,"(-11.43, -22.83, 2.958)",3.529
8C2Z_1OB3_QS0,"('D', 501)",C26,T,"(-14.255, -23.762, 1.06)","('PHE', 79)",CD2,M,"(-12.038, -20.548, 3.38)",4.542
8C2Z_1OB3_QS0,"('D', 501)",C26,T,"(-14.255, -23.762, 1.06)","('PHE', 79)",CE1,M,"(-10.702, -22.406, 1.835)",3.881
8C2Z_1OB3_QS0,"('D', 501)",C26,T,"(-14.255, -23.762, 1.06)","('PHE', 79)",CE2,M,"(-11.325, -20.125, 2.286)",4.829
8C2Z_1OB3_QS0,"('D', 501)",C26,T,"(-14.255, -23.762, 1.06)","('PHE', 79)",CZ,M,"(-10.652, -21.044, 1.516)",4.536
8C2Z_1OB3_QS0,"('D', 501)",C26,T,"(-14.255, -23.762, 1.06)","('ALA', 142)",CB,M,"(-16.86, -20.576, -0.731)",4.488
8C2Z_1OB3_QS0,"('D', 501)",C26,T,"(-14.255, -23.762, 1.06)","('ASP', 143)",OD1,M,"(-13.397, -22.062, -2.629)",4.151
8C2Z_1OB3_QS0,"('D', 501)",C27,T,"(-13.264, -23.368, 0.177)","('LYS', 32)",CB,M,"(-10.625, -26.663, 0.757)",4.261
8C2Z_1OB3_QS0,"('D', 501)",C27,T,"(-13.264, -23.368, 0.177)","('LYS', 32)",CG,M,"(-10.698, -26.778, -0.812)",4.381
8C2Z_1OB3_QS0,"('D', 501)",C27,T,"(-13.264, -23.368, 0.177)","('LYS', 32)",CD,M,"(-11.42, -25.537, -1.444)",3.276
8C2Z_1OB3_QS0,"('D', 501)",C27,T,"(-13.264, -23.368, 0.177)","('LYS', 32)",CE,M,"(-11.257, -25.44, -2.976)",4.273
8C2Z_1OB3_QS0,"('D', 501)",C27,T,"(-13.264, -23.368, 0.177)","('PHE', 79)",CB,M,"(-12.911, -22.32, 4.952)",4.901
8C2Z_1OB3_QS0,"('D', 501)",C27,T,"(-13.264, -23.368, 0.177)","('PHE', 79)",CG,M,"(-12.097, -21.89, 3.747)",4.036
8C2Z_1OB3_QS0,"('D', 501)",C27,T,"(-13.264, -23.368, 0.177)","('PHE', 79)",CD1,M,"(-11.43, -22.83, 2.958)",3.374
8C2Z_1OB3_QS0,"('D', 501)",C27,T,"(-13.264, -23.368, 0.177)","('PHE', 79)",CD2,M,"(-12.038, -20.548, 3.38)",4.44
8C2Z_1OB3_QS0,"('D', 501)",C27,T,"(-13.264, -23.368, 0.177)","('PHE', 79)",CE1,M,"(-10.702, -22.406, 1.835)",3.2
8C2Z_1OB3_QS0,"('D', 501)",C27,T,"(-13.264, -23.368, 0.177)","('PHE', 79)",CE2,M,"(-11.325, -20.125, 2.286)",4.327
8C2Z_1OB3_QS0,"('D', 501)",C27,T,"(-13.264, -23.368, 0.177)","('PHE', 79)",CZ,M,"(-10.652, -21.044, 1.516)",3.744
8C2Z_1OB3_QS0,"('D', 501)",C27,T,"(-13.264, -23.368, 0.177)","('ALA', 142)",CB,M,"(-16.86, -20.576, -0.731)",4.642
8C2Z_1OB3_QS0,"('D', 501)",C27,T,"(-13.264, -23.368, 0.177)","('ASP', 143)",N,M,"(-14.228, -19.131, -1.962)",4.843
8C2Z_1OB3_QS0,"('D', 501)",C27,T,"(-13.264, -23.368, 0.177)","('ASP', 143)",CG,M,"(-13.886, -21.692, -3.724)",4.291
8C2Z_1OB3_QS0,"('D', 501)",C27,T,"(-13.264, -23.368, 0.177)","('ASP', 143)",OD1,M,"(-13.397, -22.062, -2.629)",3.098
8C2Z_1OB3_QS0,"('D', 501)",C27,T,"(-13.264, -23.368, 0.177)","('ASP', 143)",OD2,M,"(-14.473, -22.541, -4.448)",4.851
8C2Z_1OB3_QS0,"('D', 501)",C29,T,"(-14.392, -24.151, -1.679)","('VAL', 18)",CG2,M,"(-14.829, -28.434, -0.213)",4.548
8C2Z_1OB3_QS0,"('D', 501)",C29,T,"(-14.392, -24.151, -1.679)","('LYS', 32)",CG,M,"(-10.698, -26.778, -0.812)",4.615
8C2Z_1OB3_QS0,"('D', 501)",C29,T,"(-14.392, -24.151, -1.679)","('LYS', 32)",CD,M,"(-11.42, -25.537, -1.444)",3.288
8C2Z_1OB3_QS0,"('D', 501)",C29,T,"(-14.392, -24.151, -1.679)","('LYS', 32)",CE,M,"(-11.257, -25.44, -2.976)",3.629
8C2Z_1OB3_QS0,"('D', 501)",C29,T,"(-14.392, -24.151, -1.679)","('LYS', 32)",NZ,M,"(-12.25, -26.234, -3.818)",3.675
8C2Z_1OB3_QS0,"('D', 501)",C29,T,"(-14.392, -24.151, -1.679)","('ALA', 142)",CB,M,"(-16.86, -20.576, -0.731)",4.446
8C2Z_1OB3_QS0,"('D', 501)",C29,T,"(-14.392, -24.151, -1.679)","('ASP', 143)",CB,M,"(-13.758, -20.25, -4.183)",4.679
8C2Z_1OB3_QS0,"('D', 501)",C29,T,"(-14.392, -24.151, -1.679)","('ASP', 143)",CG,M,"(-13.886, -21.692, -3.724)",3.238
8C2Z_1OB3_QS0,"('D', 501)",C29,T,"(-14.392, -24.151, -1.679)","('ASP', 143)",OD1,M,"(-13.397, -22.062, -2.629)",2.501
8C2Z_1OB3_QS0,"('D', 501)",C29,T,"(-14.392, -24.151, -1.679)","('ASP', 143)",OD2,M,"(-14.473, -22.541, -4.448)",3.204
8C2Z_1OB3_QS0,"('D', 501)",C32,T,"(-21.701, -29.221, 5.9)","('ILE', 10)",CB,M,"(-19.072, -32.023, 3.528)",4.515
8C2Z_1OB3_QS0,"('D', 501)",C32,T,"(-21.701, -29.221, 5.9)","('ILE', 10)",CG1,M,"(-17.966, -30.972, 3.481)",4.782
8C2Z_1OB3_QS0,"('D', 501)",C32,T,"(-21.701, -29.221, 5.9)","('ILE', 10)",CG2,M,"(-19.171, -32.586, 4.937)",4.319
8C2Z_1OB3_QS0,"('D', 501)",C32,T,"(-21.701, -29.221, 5.9)","('ILE', 10)",CD1,M,"(-18.338, -29.687, 4.237)",3.781
8C2Z_1OB3_QS0,"('D', 501)",C32,T,"(-21.701, -29.221, 5.9)","('LYS', 20)",CD,M,"(-19.67, -31.036, 9.016)",4.139
8C2Z_1OB3_QS0,"('D', 501)",C32,T,"(-21.701, -29.221, 5.9)","('LYS', 20)",CE,M,"(-20.434, -30.76, 10.306)",4.836
8C2Z_1OB3_QS0,"('D', 501)",C32,T,"(-21.701, -29.221, 5.9)","('HIS', 81)",CG,M,"(-18.956, -26.298, 8.331)",4.689
8C2Z_1OB3_QS0,"('D', 501)",C32,T,"(-21.701, -29.221, 5.9)","('HIS', 81)",ND1,M,"(-18.925, -26.918, 7.099)",3.801
8C2Z_1OB3_QS0,"('D', 501)",C32,T,"(-21.701, -29.221, 5.9)","('HIS', 81)",CD2,M,"(-20.052, -26.77, 8.963)",4.255
8C2Z_1OB3_QS0,"('D', 501)",C32,T,"(-21.701, -29.221, 5.9)","('HIS', 81)",CE1,M,"(-19.949, -27.738, 6.998)",2.544
8C2Z_1OB3_QS0,"('D', 501)",C32,T,"(-21.701, -29.221, 5.9)","('HIS', 81)",NE2,M,"(-20.649, -27.665, 8.115)",2.904
8C2Z_1OB3_QS0,"('D', 501)",C32,T,"(-21.701, -29.221, 5.9)","('LEU', 82)",C,M,"(-22.153, -24.638, 6.05)",4.608
8C2Z_1OB3_QS0,"('D', 501)",C32,T,"(-21.701, -29.221, 5.9)","('LEU', 82)",O,M,"(-21.589, -25.341, 5.248)",3.936
8C2Z_1OB3_QS0,"('D', 501)",C32,T,"(-21.701, -29.221, 5.9)","('ASP', 83)",N,M,"(-23.364, -24.895, 6.506)",4.674
8C2Z_1OB3_QS0,"('D', 501)",C32,T,"(-21.701, -29.221, 5.9)","('ASP', 83)",CA,M,"(-24.043, -26.172, 6.284)",3.864
8C2Z_1OB3_QS0,"('D', 501)",C32,T,"(-21.701, -29.221, 5.9)","('ASP', 83)",C,M,"(-24.798, -26.266, 4.964)",4.382
8C2Z_1OB3_QS0,"('D', 501)",C32,T,"(-21.701, -29.221, 5.9)","('ASP', 83)",O,M,"(-25.204, -27.353, 4.524)",4.202
8C2Z_1OB3_QS0,"('D', 501)",C32,T,"(-21.701, -29.221, 5.9)","('ASP', 83)",CB,M,"(-25.076, -26.387, 7.422)",4.662
8C2Z_1OB3_QS0,"('D', 501)",C32,T,"(-21.701, -29.221, 5.9)","('ASP', 83)",CG,M,"(-24.436, -26.849, 8.706)",4.58
8C2Z_1OB3_QS0,"('D', 501)",C32,T,"(-21.701, -29.221, 5.9)","('ASP', 83)",OD2,M,"(-23.203, -27.145, 8.801)",3.871
8C2Z_1OB3_QS0,"('D', 501)",C4,T,"(-23.054, -29.169, -0.4)","('ILE', 10)",O,M,"(-20.153, -32.201, 0.754)",4.352
8C2Z_1OB3_QS0,"('D', 501)",C4,T,"(-23.054, -29.169, -0.4)","('ASP', 85)",CG,M,"(-24.38, -25.358, -1.828)",4.28
8C2Z_1OB3_QS0,"('D', 501)",C4,T,"(-23.054, -29.169, -0.4)","('ASP', 85)",OD1,M,"(-23.751, -26.428, -1.624)",3.082
8C2Z_1OB3_QS0,"('D', 501)",C4,T,"(-23.054, -29.169, -0.4)","('LYS', 88)",CG,M,"(-26.804, -28.734, -1.793)",4.024
8C2Z_1OB3_QS0,"('D', 501)",C4,T,"(-23.054, -29.169, -0.4)","('LYS', 88)",CD,M,"(-26.068, -28.913, -0.443)",3.025
8C2Z_1OB3_QS0,"('D', 501)",C4,T,"(-23.054, -29.169, -0.4)","('LYS', 88)",CE,M,"(-24.963, -29.946, -0.466)",2.062
8C2Z_1OB3_QS0,"('D', 501)",C4,T,"(-23.054, -29.169, -0.4)","('LYS', 88)",NZ,M,"(-24.466, -30.184, 0.96)",2.208
8C2Z_1OB3_QS0,"('D', 501)",C7,T,"(-25.08, -30.815, 0.827)","('LYS', 88)",CB,M,"(-27.922, -27.772, -1.587)",4.813
8C2Z_1OB3_QS0,"('D', 501)",C7,T,"(-25.08, -30.815, 0.827)","('LYS', 88)",CG,M,"(-26.804, -28.734, -1.793)",3.764
8C2Z_1OB3_QS0,"('D', 501)",C7,T,"(-25.08, -30.815, 0.827)","('LYS', 88)",CD,M,"(-26.068, -28.913, -0.443)",2.491
8C2Z_1OB3_QS0,"('D', 501)",C7,T,"(-25.08, -30.815, 0.827)","('LYS', 88)",CE,M,"(-24.963, -29.946, -0.466)",1.562
8C2Z_1OB3_QS0,"('D', 501)",C7,T,"(-25.08, -30.815, 0.827)","('LYS', 88)",NZ,M,"(-24.466, -30.184, 0.96)",0.89
8C2Z_1OB3_QS0,"('D', 501)",N14,T,"(-19.852, -26.1, 4.158)","('ILE', 10)",CD1,M,"(-18.338, -29.687, 4.237)",3.894
8C2Z_1OB3_QS0,"('D', 501)",N14,T,"(-19.852, -26.1, 4.158)","('HIS', 81)",CA,M,"(-17.949, -24.041, 7.841)",4.629
8C2Z_1OB3_QS0,"('D', 501)",N14,T,"(-19.852, -26.1, 4.158)","('HIS', 81)",C,M,"(-19.374, -23.536, 7.794)",4.475
8C2Z_1OB3_QS0,"('D', 501)",N14,T,"(-19.852, -26.1, 4.158)","('HIS', 81)",CG,M,"(-18.956, -26.298, 8.331)",4.273
8C2Z_1OB3_QS0,"('D', 501)",N14,T,"(-19.852, -26.1, 4.158)","('HIS', 81)",ND1,M,"(-18.925, -26.918, 7.099)",3.19
8C2Z_1OB3_QS0,"('D', 501)",N14,T,"(-19.852, -26.1, 4.158)","('HIS', 81)",CD2,M,"(-20.052, -26.77, 8.963)",4.856
8C2Z_1OB3_QS0,"('D', 501)",N14,T,"(-19.852, -26.1, 4.158)","('HIS', 81)",CE1,M,"(-19.949, -27.738, 6.998)",3.28
8C2Z_1OB3_QS0,"('D', 501)",N14,T,"(-19.852, -26.1, 4.158)","('HIS', 81)",NE2,M,"(-20.649, -27.665, 8.115)",4.329
8C2Z_1OB3_QS0,"('D', 501)",N14,T,"(-19.852, -26.1, 4.158)","('LEU', 82)",N,M,"(-20.043, -23.684, 6.652)",3.478
8C2Z_1OB3_QS0,"('D', 501)",N14,T,"(-19.852, -26.1, 4.158)","('LEU', 82)",CA,M,"(-21.47, -23.388, 6.586)",3.983
8C2Z_1OB3_QS0,"('D', 501)",N14,T,"(-19.852, -26.1, 4.158)","('LEU', 82)",C,M,"(-22.153, -24.638, 6.05)",3.318
8C2Z_1OB3_QS0,"('D', 501)",N14,T,"(-19.852, -26.1, 4.158)","('LEU', 82)",O,M,"(-21.589, -25.341, 5.248)",2.187
8C2Z_1OB3_QS0,"('D', 501)",N14,T,"(-19.852, -26.1, 4.158)","('LEU', 82)",CB,M,"(-21.768, -22.139, 5.736)",4.674
8C2Z_1OB3_QS0,"('D', 501)",N14,T,"(-19.852, -26.1, 4.158)","('ASP', 83)",N,M,"(-23.364, -24.895, 6.506)",4.393
8C2Z_1OB3_QS0,"('D', 501)",N14,T,"(-19.852, -26.1, 4.158)","('ASP', 83)",CA,M,"(-24.043, -26.172, 6.284)",4.7
8C2Z_1OB3_QS0,"('D', 501)",N14,T,"(-19.852, -26.1, 4.158)","('LEU', 132)",CD1,M,"(-19.234, -22.17, 2.106)",4.476
8C2Z_1OB3_QS0,"('D', 501)",N16,T,"(-18.322, -24.51, 4.937)","('ALA', 30)",CB,M,"(-14.958, -26.011, 5.597)",3.742
8C2Z_1OB3_QS0,"('D', 501)",N16,T,"(-18.322, -24.51, 4.937)","('GLU', 80)",C,M,"(-16.271, -22.274, 7.548)",4.003
8C2Z_1OB3_QS0,"('D', 501)",N16,T,"(-18.322, -24.51, 4.937)","('GLU', 80)",O,M,"(-16.319, -22.359, 6.314)",3.246
8C2Z_1OB3_QS0,"('D', 501)",N16,T,"(-18.322, -24.51, 4.937)","('HIS', 81)",N,M,"(-17.042, -23.035, 8.353)",3.935
8C2Z_1OB3_QS0,"('D', 501)",N16,T,"(-18.322, -24.51, 4.937)","('HIS', 81)",CA,M,"(-17.949, -24.041, 7.841)",2.965
8C2Z_1OB3_QS0,"('D', 501)",N16,T,"(-18.322, -24.51, 4.937)","('HIS', 81)",C,M,"(-19.374, -23.536, 7.794)",3.197
8C2Z_1OB3_QS0,"('D', 501)",N16,T,"(-18.322, -24.51, 4.937)","('HIS', 81)",O,M,"(-19.87, -23.02, 8.787)",4.409
8C2Z_1OB3_QS0,"('D', 501)",N16,T,"(-18.322, -24.51, 4.937)","('HIS', 81)",CB,M,"(-17.938, -25.3, 8.737)",3.9
8C2Z_1OB3_QS0,"('D', 501)",N16,T,"(-18.322, -24.51, 4.937)","('HIS', 81)",CG,M,"(-18.956, -26.298, 8.331)",3.888
8C2Z_1OB3_QS0,"('D', 501)",N16,T,"(-18.322, -24.51, 4.937)","('HIS', 81)",ND1,M,"(-18.925, -26.918, 7.099)",3.292
8C2Z_1OB3_QS0,"('D', 501)",N16,T,"(-18.322, -24.51, 4.937)","('HIS', 81)",CD2,M,"(-20.052, -26.77, 8.963)",4.93
8C2Z_1OB3_QS0,"('D', 501)",N16,T,"(-18.322, -24.51, 4.937)","('HIS', 81)",CE1,M,"(-19.949, -27.738, 6.998)",4.161
8C2Z_1OB3_QS0,"('D', 501)",N16,T,"(-18.322, -24.51, 4.937)","('LEU', 82)",N,M,"(-20.043, -23.684, 6.652)",2.566
8C2Z_1OB3_QS0,"('D', 501)",N16,T,"(-18.322, -24.51, 4.937)","('LEU', 82)",CA,M,"(-21.47, -23.388, 6.586)",3.727
8C2Z_1OB3_QS0,"('D', 501)",N16,T,"(-18.322, -24.51, 4.937)","('LEU', 82)",C,M,"(-22.153, -24.638, 6.05)",3.991
8C2Z_1OB3_QS0,"('D', 501)",N16,T,"(-18.322, -24.51, 4.937)","('LEU', 82)",O,M,"(-21.589, -25.341, 5.248)",3.385
8C2Z_1OB3_QS0,"('D', 501)",N16,T,"(-18.322, -24.51, 4.937)","('LEU', 82)",CB,M,"(-21.768, -22.139, 5.736)",4.259
8C2Z_1OB3_QS0,"('D', 501)",N16,T,"(-18.322, -24.51, 4.937)","('LEU', 82)",CD1,M,"(-19.947, -20.461, 6.066)",4.507
8C2Z_1OB3_QS0,"('D', 501)",N16,T,"(-18.322, -24.51, 4.937)","('LEU', 132)",CD1,M,"(-19.234, -22.17, 2.106)",3.784
8C2Z_1OB3_QS0,"('D', 501)",N2,T,"(-25.068, -30.588, -0.646)","('ASP', 85)",OD1,M,"(-23.751, -26.428, -1.624)",4.472
8C2Z_1OB3_QS0,"('D', 501)",N2,T,"(-25.068, -30.588, -0.646)","('LYS', 88)",CB,M,"(-27.922, -27.772, -1.587)",4.118
8C2Z_1OB3_QS0,"('D', 501)",N2,T,"(-25.068, -30.588, -0.646)","('LYS', 88)",CG,M,"(-26.804, -28.734, -1.793)",2.787
8C2Z_1OB3_QS0,"('D', 501)",N2,T,"(-25.068, -30.588, -0.646)","('LYS', 88)",CD,M,"(-26.068, -28.913, -0.443)",1.961
8C2Z_1OB3_QS0,"('D', 501)",N2,T,"(-25.068, -30.588, -0.646)","('LYS', 88)",CE,M,"(-24.963, -29.946, -0.466)",0.675
8C2Z_1OB3_QS0,"('D', 501)",N2,T,"(-25.068, -30.588, -0.646)","('LYS', 88)",NZ,M,"(-24.466, -30.184, 0.96)",1.762
8C2Z_1OB3_QS0,"('D', 501)",N20,T,"(-18.254, -25.461, 2.719)","('ILE', 10)",CD1,M,"(-18.338, -29.687, 4.237)",4.491
8C2Z_1OB3_QS0,"('D', 501)",N20,T,"(-18.254, -25.461, 2.719)","('VAL', 18)",CG1,M,"(-15.574, -28.768, 2.141)",4.296
8C2Z_1OB3_QS0,"('D', 501)",N20,T,"(-18.254, -25.461, 2.719)","('ALA', 30)",CB,M,"(-14.958, -26.011, 5.597)",4.41
8C2Z_1OB3_QS0,"('D', 501)",N20,T,"(-18.254, -25.461, 2.719)","('HIS', 81)",ND1,M,"(-18.925, -26.918, 7.099)",4.664
8C2Z_1OB3_QS0,"('D', 501)",N20,T,"(-18.254, -25.461, 2.719)","('LEU', 82)",N,M,"(-20.043, -23.684, 6.652)",4.672
8C2Z_1OB3_QS0,"('D', 501)",N20,T,"(-18.254, -25.461, 2.719)","('LEU', 82)",O,M,"(-21.589, -25.341, 5.248)",4.187
8C2Z_1OB3_QS0,"('D', 501)",N20,T,"(-18.254, -25.461, 2.719)","('LEU', 132)",CG,M,"(-20.394, -21.645, 1.217)",4.626
8C2Z_1OB3_QS0,"('D', 501)",N20,T,"(-18.254, -25.461, 2.719)","('LEU', 132)",CD1,M,"(-19.234, -22.17, 2.106)",3.488
8C2Z_1OB3_QS0,"('D', 501)",N20,T,"(-18.254, -25.461, 2.719)","('LEU', 132)",CD2,M,"(-20.845, -22.692, 0.248)",4.526
8C2Z_1OB3_QS0,"('D', 501)",N23,T,"(-16.655, -25.145, -1.164)","('GLY', 13)",CA,M,"(-15.213, -28.522, -4.531)",4.982
8C2Z_1OB3_QS0,"('D', 501)",N23,T,"(-16.655, -25.145, -1.164)","('VAL', 18)",CB,M,"(-15.21, -29.452, 0.869)",4.977
8C2Z_1OB3_QS0,"('D', 501)",N23,T,"(-16.655, -25.145, -1.164)","('VAL', 18)",CG2,M,"(-14.829, -28.434, -0.213)",3.88
8C2Z_1OB3_QS0,"('D', 501)",N23,T,"(-16.655, -25.145, -1.164)","('ALA', 142)",CB,M,"(-16.86, -20.576, -0.731)",4.594
8C2Z_1OB3_QS0,"('D', 501)",N23,T,"(-16.655, -25.145, -1.164)","('ASP', 143)",OD1,M,"(-13.397, -22.062, -2.629)",4.719
8C2Z_1OB3_QS0,"('D', 501)",N23,T,"(-16.655, -25.145, -1.164)","('ASP', 143)",OD2,M,"(-14.473, -22.541, -4.448)",4.725
8C2Z_1OB3_QS0,"('D', 501)",N28,T,"(-13.317, -23.548, -1.155)","('LYS', 32)",CB,M,"(-10.625, -26.663, 0.757)",4.539
8C2Z_1OB3_QS0,"('D', 501)",N28,T,"(-13.317, -23.548, -1.155)","('LYS', 32)",CG,M,"(-10.698, -26.778, -0.812)",4.172
8C2Z_1OB3_QS0,"('D', 501)",N28,T,"(-13.317, -23.548, -1.155)","('LYS', 32)",CD,M,"(-11.42, -25.537, -1.444)",2.764
8C2Z_1OB3_QS0,"('D', 501)",N28,T,"(-13.317, -23.548, -1.155)","('LYS', 32)",CE,M,"(-11.257, -25.44, -2.976)",3.338
8C2Z_1OB3_QS0,"('D', 501)",N28,T,"(-13.317, -23.548, -1.155)","('LYS', 32)",NZ,M,"(-12.25, -26.234, -3.818)",3.93
8C2Z_1OB3_QS0,"('D', 501)",N28,T,"(-13.317, -23.548, -1.155)","('PHE', 79)",CD1,M,"(-11.43, -22.83, 2.958)",4.582
8C2Z_1OB3_QS0,"('D', 501)",N28,T,"(-13.317, -23.548, -1.155)","('PHE', 79)",CE1,M,"(-10.702, -22.406, 1.835)",4.133
8C2Z_1OB3_QS0,"('D', 501)",N28,T,"(-13.317, -23.548, -1.155)","('PHE', 79)",CZ,M,"(-10.652, -21.044, 1.516)",4.528
8C2Z_1OB3_QS0,"('D', 501)",N28,T,"(-13.317, -23.548, -1.155)","('ALA', 142)",CB,M,"(-16.86, -20.576, -0.731)",4.644
8C2Z_1OB3_QS0,"('D', 501)",N28,T,"(-13.317, -23.548, -1.155)","('ASP', 143)",N,M,"(-14.228, -19.131, -1.962)",4.582
8C2Z_1OB3_QS0,"('D', 501)",N28,T,"(-13.317, -23.548, -1.155)","('ASP', 143)",CA,M,"(-13.276, -19.262, -3.064)",4.692
8C2Z_1OB3_QS0,"('D', 501)",N28,T,"(-13.317, -23.548, -1.155)","('ASP', 143)",CB,M,"(-13.758, -20.25, -4.183)",4.499
8C2Z_1OB3_QS0,"('D', 501)",N28,T,"(-13.317, -23.548, -1.155)","('ASP', 143)",CG,M,"(-13.886, -21.692, -3.724)",3.22
8C2Z_1OB3_QS0,"('D', 501)",N28,T,"(-13.317, -23.548, -1.155)","('ASP', 143)",OD1,M,"(-13.397, -22.062, -2.629)",2.095
8C2Z_1OB3_QS0,"('D', 501)",N28,T,"(-13.317, -23.548, -1.155)","('ASP', 143)",OD2,M,"(-14.473, -22.541, -4.448)",3.632
8C2Z_1OB3_QS0,"('D', 501)",N28,T,"(-13.317, -23.548, -1.155)","('LEU', 146)",CD1,M,"(-9.9, -21.369, -3.131)",4.509
8C2Z_1OB3_QS0,"('D', 501)",N5,T,"(-23.117, -29.339, 1.058)","('ILE', 10)",O,M,"(-20.153, -32.201, 0.754)",4.131
8C2Z_1OB3_QS0,"('D', 501)",N5,T,"(-23.117, -29.339, 1.058)","('ASP', 83)",O,M,"(-25.204, -27.353, 4.524)",4.507
8C2Z_1OB3_QS0,"('D', 501)",N5,T,"(-23.117, -29.339, 1.058)","('ASP', 85)",OD1,M,"(-23.751, -26.428, -1.624)",4.009
8C2Z_1OB3_QS0,"('D', 501)",N5,T,"(-23.117, -29.339, 1.058)","('LYS', 88)",CG,M,"(-26.804, -28.734, -1.793)",4.7
8C2Z_1OB3_QS0,"('D', 501)",N5,T,"(-23.117, -29.339, 1.058)","('LYS', 88)",CD,M,"(-26.068, -28.913, -0.443)",3.338
8C2Z_1OB3_QS0,"('D', 501)",N5,T,"(-23.117, -29.339, 1.058)","('LYS', 88)",CE,M,"(-24.963, -29.946, -0.466)",2.47
8C2Z_1OB3_QS0,"('D', 501)",N5,T,"(-23.117, -29.339, 1.058)","('LYS', 88)",NZ,M,"(-24.466, -30.184, 0.96)",1.595
